0       -49.48599
0.02948 -49.5041
0.05896 -49.5214
0.08844 -49.53693
0.11792 -49.5499
0.14739 -49.55965
0.17687 -49.5657
0.20635 -49.56775
0.23443 -49.57156
0.26252 -49.58165
0.2906  -49.59533
0.31868 -49.61004
0.34676 -49.62397
0.37484 -49.63589
0.40292 -49.64495
0.431   -49.65061
0.45908 -49.65253
0.48827 -49.65045
0.51745 -49.64428
0.54663 -49.63418
0.57581 -49.62043
0.605   -49.60339
0.63418 -49.58347
0.66336 -49.5612
0.69254 -49.53714
0.72173 -49.51188
0.75091 -49.48608
0.78009 -49.48608
0.80928 -49.48606
0.83846 -49.48603
0.86764 -49.486
0.89682 -49.48599
0.93122 -49.49888
0.96561 -49.50701
1       -49.50978
0       --
0       -49.48591
0.02948 -49.46789
0.05896 -49.4508
0.08844 -49.43562
0.11792 -49.42312
0.14739 -49.41386
0.17687 -49.40821
0.20635 -49.40631
0.23443 -49.40252
0.26252 -49.39247
0.2906  -49.37887
0.31868 -49.36424
0.34676 -49.35038
0.37484 -49.33855
0.40292 -49.32956
0.431   -49.32396
0.45908 -49.32205
0.48827 -49.32399
0.51745 -49.32999
0.54663 -49.33981
0.57581 -49.35323
0.605   -49.36992
0.63418 -49.38946
0.66336 -49.4114
0.69254 -49.4352
0.72173 -49.46029
0.75091 -49.486
0.78009 -49.48601
0.80928 -49.48598
0.83846 -49.48595
0.86764 -49.48593
0.89682 -49.48591
0.93122 -49.47308
0.96561 -49.46504
1       -49.46232
0       --
0       -49.32406
0.02948 -49.32418
0.05896 -49.32416
0.08844 -49.32398
0.11792 -49.32365
0.14739 -49.32324
0.17687 -49.3229
0.20635 -49.32276
0.23443 -49.32273
0.26252 -49.32266
0.2906  -49.32256
0.31868 -49.32242
0.34676 -49.32228
0.37484 -49.32214
0.40292 -49.32204
0.431   -49.32197
0.45908 -49.32194
0.48827 -49.32206
0.51745 -49.32221
0.54663 -49.32242
0.57581 -49.32269
0.605   -49.32299
0.63418 -49.32329
0.66336 -49.32356
0.69254 -49.32377
0.72173 -49.32391
0.75091 -49.32395
0.78009 -49.32397
0.80928 -49.32399
0.83846 -49.32403
0.86764 -49.32405
0.89682 -49.32406
0.93122 -49.32418
0.96561 -49.32427
1       -49.3243
0       --
0       -49.32398
0.02948 -49.32377
0.05896 -49.32352
0.08844 -49.32327
0.11792 -49.32306
0.14739 -49.32289
0.17687 -49.32279
0.20635 -49.32276
0.23443 -49.32273
0.26252 -49.32266
0.2906  -49.32255
0.31868 -49.32242
0.34676 -49.32228
0.37484 -49.32214
0.40292 -49.32204
0.431   -49.32197
0.45908 -49.32194
0.48827 -49.32199
0.51745 -49.32213
0.54663 -49.32234
0.57581 -49.32261
0.605   -49.32292
0.63418 -49.32321
0.66336 -49.32348
0.69254 -49.3237
0.72173 -49.32383
0.75091 -49.32388
0.78009 -49.32389
0.80928 -49.32392
0.83846 -49.32395
0.86764 -49.32397
0.89682 -49.32398
0.93122 -49.3238
0.96561 -49.3236
1       -49.32352
0       --
0       -32.68865
0.02948 -32.78039
0.05896 -32.86654
0.08844 -32.94297
0.11792 -33.00617
0.14739 -33.05333
0.17687 -33.08245
0.20635 -33.09229
0.23443 -33.10894
0.26252 -33.15318
0.2906  -33.21288
0.31868 -33.27672
0.34676 -33.33664
0.37484 -33.38737
0.40292 -33.42558
0.431   -33.44923
0.45908 -33.45723
0.48827 -33.44857
0.51745 -33.42266
0.54663 -33.37975
0.57581 -33.32033
0.605   -33.24516
0.63418 -33.15534
0.66336 -33.05244
0.69254 -32.93851
0.72173 -32.81606
0.75091 -32.68812
0.78009 -32.68817
0.80928 -32.68831
0.83846 -32.68847
0.86764 -32.6886
0.89682 -32.68865
0.93122 -32.75433
0.96561 -32.7954
1       -32.80937
0       --
0       -32.68865
0.02948 -32.59587
0.05896 -32.50686
0.08844 -32.42633
0.11792 -32.35862
0.14739 -32.30744
0.17687 -32.27557
0.20635 -32.26475
0.23443 -32.2461
0.26252 -32.19617
0.2906  -32.1279
0.31868 -32.05379
0.34676 -31.98323
0.37484 -31.9228
0.40292 -31.87688
0.431   -31.84829
0.45908 -31.8386
0.48827 -31.84909
0.51745 -31.88036
0.54663 -31.93171
0.57581 -32.00198
0.605   -32.08944
0.63418 -32.19182
0.66336 -32.30628
0.69254 -32.42957
0.72173 -32.55808
0.75091 -32.68812
0.78009 -32.68817
0.80928 -32.6883
0.83846 -32.68847
0.86764 -32.6886
0.89682 -32.68865
0.93122 -32.62238
0.96561 -32.58036
1       -32.56596
0       --
0       -22.41879
0.02948 -22.54845
0.05896 -22.63186
0.08844 -22.67439
0.11792 -22.68619
0.14739 -22.68057
0.17687 -22.67083
0.20635 -22.66646
0.23443 -22.63381
0.26252 -22.53575
0.2906  -22.37197
0.31868 -22.14218
0.34676 -21.84643
0.37484 -21.48547
0.40292 -21.06125
0.431   -20.57873
0.45908 -20.10371
0.48827 -20.43714
0.51745 -20.73966
0.54663 -21.02342
0.57581 -21.29298
0.605   -21.52217
0.63418 -21.71008
0.66336 -21.85631
0.69254 -21.96073
0.72173 -22.02335
0.75091 -22.04422
0.78009 -22.10845
0.80928 -22.22662
0.83846 -22.32977
0.86764 -22.39612
0.89682 -22.41879
0.93122 -22.52677
0.96561 -22.59382
1       -22.61651
0       --
0       -22.41879
0.02948 -22.24278
0.05896 -22.02646
0.08844 -21.78428
0.11792 -21.54273
0.14739 -21.34011
0.17687 -21.2112
0.20635 -21.16838
0.23443 -21.15112
0.26252 -21.09974
0.2906  -21.01545
0.31868 -20.90031
0.34676 -20.75726
0.37484 -20.59032
0.40292 -20.40495
0.431   -20.21066
0.45908 -20.06972
0.48827 -20.37324
0.51745 -20.71533
0.54663 -21.02342
0.57581 -21.29298
0.605   -21.52217
0.63418 -21.71008
0.66336 -21.85631
0.69254 -21.96073
0.72173 -22.02335
0.75091 -22.04422
0.78009 -22.10845
0.80928 -22.22661
0.83846 -22.32977
0.86764 -22.39612
0.89682 -22.41879
0.93122 -22.24788
0.96561 -22.00442
1       -21.81446
0       --
0       -20.62318
0.02948 -20.7912
0.05896 -20.93642
0.08844 -21.04868
0.11792 -21.12227
0.14739 -21.15845
0.17687 -21.16814
0.20635 -21.16838
0.23443 -21.15112
0.26252 -21.09974
0.2906  -21.01545
0.31868 -20.90031
0.34676 -20.75726
0.37484 -20.59032
0.40292 -20.40495
0.431   -20.21066
0.45908 -20.06971
0.48827 -20.37324
0.51745 -20.71533
0.54663 -20.99504
0.57581 -21.20334
0.605   -21.36465
0.63418 -21.47894
0.66336 -21.54607
0.69254 -21.5659
0.72173 -21.53852
0.75091 -21.46464
0.78009 -21.36582
0.80928 -21.14994
0.83846 -20.90727
0.86764 -20.70548
0.89682 -20.62318
0.93122 -20.85468
0.96561 -21.18646
1       -21.41512
0       --
0       -20.62318
0.02948 -20.44583
0.05896 -20.27378
0.08844 -20.11457
0.11792 -19.95322
0.14739 -19.74968
0.17687 -19.47928
0.20635 -19.2756
0.23443 -19.30407
0.26252 -19.38432
0.2906  -19.50087
0.31868 -19.63257
0.34676 -19.76017
0.37484 -19.8699
0.40292 -19.95318
0.431   -20.00576
0.45908 -20.06971
0.48827 -19.92936
0.51745 -20.0201
0.54663 -20.1623
0.57581 -20.34579
0.605   -20.55721
0.63418 -20.77946
0.66336 -20.99457
0.69254 -21.18717
0.72173 -21.3462
0.75091 -21.46464
0.78009 -21.36582
0.80928 -21.14993
0.83846 -20.90726
0.86764 -20.70547
0.89682 -20.62318
0.93122 -20.50078
0.96561 -20.43152
1       -20.41047
0       --
0       -18.53562
0.02948 -18.70596
0.05896 -18.82442
0.08844 -18.87249
0.11792 -18.85629
0.14739 -18.81016
0.17687 -18.79447
0.20635 -18.85824
0.23443 -18.87194
0.26252 -18.91365
0.2906  -18.98483
0.31868 -19.08682
0.34676 -19.21954
0.37484 -19.3803
0.40292 -19.56315
0.431   -19.757
0.45908 -19.89801
0.48827 -19.68928
0.51745 -19.24659
0.54663 -18.76082
0.57581 -18.26755
0.605   -18.09976
0.63418 -18.06996
0.66336 -17.96542
0.69254 -17.78891
0.72173 -17.54919
0.75091 -17.26224
0.78009 -17.47337
0.80928 -17.8259
0.83846 -18.16886
0.86764 -18.43239
0.89682 -18.53562
0.93122 -18.61559
0.96561 -18.60643
1       -18.59259
0       --
0       -18.53562
0.02948 -18.35117
0.05896 -18.21706
0.08844 -18.21916
0.11792 -18.3792
0.14739 -18.60537
0.17687 -18.78874
0.20635 -18.85824
0.23443 -18.87194
0.26252 -18.91365
0.2906  -18.98483
0.31868 -19.08682
0.34676 -19.21954
0.37484 -19.3803
0.40292 -19.56315
0.431   -19.757
0.45908 -19.89801
0.48827 -19.56618
0.51745 -19.14142
0.54663 -18.70317
0.57581 -18.26755
0.605   -17.85262
0.63418 -17.4789
0.66336 -17.16711
0.69254 -16.93442
0.72173 -16.96221
0.75091 -17.26224
0.78009 -17.47337
0.80928 -17.8259
0.83846 -18.16886
0.86764 -18.43239
0.89682 -18.53562
0.93122 -18.29819
0.96561 -17.89752
1       -17.49028
0       --
0       -15.47191
0.02948 -15.73163
0.05896 -16.00011
0.08844 -16.53334
0.11792 -17.14062
0.14739 -17.7284
0.17687 -18.22265
0.20635 -18.43118
0.23443 -18.42518
0.26252 -18.40226
0.2906  -18.35629
0.31868 -18.29122
0.34676 -18.23117
0.37484 -18.31063
0.40292 -18.80914
0.431   -19.42105
0.45908 -19.898
0.48827 -19.56617
0.51745 -19.14142
0.54663 -18.70316
0.57581 -18.23867
0.605   -17.85261
0.63418 -17.4789
0.66336 -17.16711
0.69254 -16.93442
0.72173 -16.79169
0.75091 -16.74373
0.78009 -16.545
0.80928 -16.22039
0.83846 -15.89523
0.86764 -15.6094
0.89682 -15.47191
0.93122 -15.94333
0.96561 -16.62921
1       -17.13975
0       --
0       -15.47191
0.02948 -15.52348
0.05896 -15.96076
0.08844 -16.10568
0.11792 -15.98762
0.14739 -15.72237
0.17687 -15.44233
0.20635 -15.31337
0.23443 -15.24049
0.26252 -15.15984
0.2906  -15.73638
0.31868 -16.47795
0.34676 -17.20018
0.37484 -17.75312
0.40292 -17.85925
0.431   -17.82956
0.45908 -17.8131
0.48827 -17.83258
0.51745 -17.89204
0.54663 -17.98
0.57581 -18.06199
0.605   -17.69574
0.63418 -17.17372
0.66336 -16.7915
0.69254 -16.73998
0.72173 -16.79169
0.75091 -16.74373
0.78009 -16.545
0.80928 -16.22039
0.83846 -15.89523
0.86764 -15.6094
0.89682 -15.47191
0.93122 -15.33997
0.96561 -15.24283
1       -15.20626
0       --
0       -14.52099
0.02948 -14.65025
0.05896 -14.52399
0.08844 -14.37952
0.11792 -14.26636
0.14739 -14.17127
0.17687 -14.0895
0.20635 -14.05332
0.23443 -14.30761
0.26252 -14.75797
0.2906  -14.54681
0.31868 -14.69211
0.34676 -14.88183
0.37484 -15.01622
0.40292 -15.10122
0.431   -15.14625
0.45908 -15.16007
0.48827 -15.15711
0.51745 -15.10027
0.54663 -14.91779
0.57581 -14.65526
0.605   -14.37162
0.63418 -14.65905
0.66336 -14.90557
0.69254 -14.73628
0.72173 -14.21018
0.75091 -13.53719
0.78009 -13.58893
0.80928 -13.76882
0.83846 -14.06463
0.86764 -14.3709
0.89682 -14.52099
0.93122 -14.45607
0.96561 -14.23665
1       -14.1468
0       --
0       -14.52099
0.02948 -14.17707
0.05896 -13.86199
0.08844 -13.68484
0.11792 -13.63476
0.14739 -13.62838
0.17687 -13.60227
0.20635 -13.51703
0.23443 -13.82533
0.26252 -14.15372
0.2906  -14.44714
0.31868 -14.69211
0.34676 -14.88183
0.37484 -15.01622
0.40292 -15.10121
0.431   -15.14625
0.45908 -15.16007
0.48827 -15.1285
0.51745 -15.0338
0.54663 -14.87603
0.57581 -14.58815
0.605   -14.19191
0.63418 -14.02524
0.66336 -13.61634
0.69254 -13.14517
0.72173 -12.86745
0.75091 -13.53719
0.78009 -13.58893
0.80928 -13.76881
0.83846 -14.06463
0.86764 -14.3709
0.89682 -14.52099
0.93122 -14.28746
0.96561 -14.03383
1       -13.79588
0       --
0       -12.7096
0.02948 -12.77391
0.05896 -13.02252
0.08844 -13.31037
0.11792 -13.50233
0.14739 -13.59607
0.17687 -13.59581
0.20635 -13.51703
0.23443 -13.82533
0.26252 -14.15372
0.2906  -14.44714
0.31868 -14.10216
0.34676 -13.58714
0.37484 -13.04754
0.40292 -12.54007
0.431   -12.19706
0.45908 -12.16231
0.48827 -12.19728
0.51745 -12.48328
0.54663 -13.04573
0.57581 -13.63354
0.605   -14.12913
0.63418 -13.57301
0.66336 -12.97516
0.69254 -12.55776
0.72173 -12.61205
0.75091 -12.0734
0.78009 -12.38714
0.80928 -12.61831
0.83846 -12.70489
0.86764 -12.71399
0.89682 -12.7096
0.93122 -12.88347
0.96561 -13.27564
1       -13.58906
0       --
0       -12.7096
0.02948 -12.745
0.05896 -12.76724
0.08844 -12.60965
0.11792 -12.67399
0.14739 -12.96371
0.17687 -13.24719
0.20635 -13.4342
0.23443 -13.13008
0.26252 -12.81527
0.2906  -12.54618
0.31868 -12.33497
0.34676 -12.18436
0.37484 -12.09345
0.40292 -12.07262
0.431   -12.12629
0.45908 -12.16231
0.48827 -12.19728
0.51745 -12.26426
0.54663 -12.32389
0.57581 -12.35852
0.605   -12.35848
0.63418 -12.32023
0.66336 -12.24995
0.69254 -12.16676
0.72173 -12.0993
0.75091 -12.0734
0.78009 -12.38713
0.80928 -12.61831
0.83846 -12.70489
0.86764 -12.71399
0.89682 -12.7096
0.93122 -12.64134
0.96561 -12.51501
1       -12.42102
0       --
0       -11.79965
0.02948 -12.17502
0.05896 -12.30601
0.08844 -12.44072
0.11792 -12.46198
0.14739 -12.76636
0.17687 -13.17929
0.20635 -13.4342
0.23443 -13.13008
0.26252 -12.81527
0.2906  -12.54618
0.31868 -12.33497
0.34676 -12.18436
0.37484 -12.09345
0.40292 -12.07262
0.431   -12.12629
0.45908 -12.16231
0.48827 -12.03458
0.51745 -12.26426
0.54663 -12.32389
0.57581 -12.35852
0.605   -12.35847
0.63418 -12.32023
0.66336 -12.24994
0.69254 -12.16676
0.72173 -12.0993
0.75091 -12.0174
0.78009 -11.71968
0.80928 -11.59205
0.83846 -11.67249
0.86764 -11.76441
0.89682 -11.79965
0.93122 -12.04359
0.96561 -12.04235
1       -12.01637
0       --
0       -11.79965
0.02948 -11.41465
0.05896 -11.382
0.08844 -11.64065
0.11792 -11.88275
0.14739 -11.65346
0.17687 -11.30311
0.20635 -11.13435
0.23443 -10.85738
0.26252 -10.22095
0.2906  -10.34911
0.31868 -10.77588
0.34676 -11.17994
0.37484 -11.52094
0.40292 -11.75165
0.431   -11.89329
0.45908 -11.85046
0.48827 -11.98301
0.51745 -11.69854
0.54663 -11.57203
0.57581 -11.43629
0.605   -11.29577
0.63418 -11.15228
0.66336 -11.00788
0.69254 -11.25344
0.72173 -11.3617
0.75091 -12.01739
0.78009 -11.71968
0.80928 -11.59205
0.83846 -11.67249
0.86764 -11.76441
0.89682 -11.79965
0.93122 -11.49362
0.96561 -11.51564
1       -11.63174
0       --
0       -10.38438
0.02948 -10.36468
0.05896 -10.22468
0.08844 -9.9714
0.11792 -9.69596
0.14739 -9.54134
0.17687 -9.51041
0.20635 -9.51097
0.23443 -9.63619
0.26252 -9.94728
0.2906  -10.34911
0.31868 -10.77588
0.34676 -11.17994
0.37484 -11.52094
0.40292 -11.75165
0.431   -11.83754
0.45908 -11.85045
0.48827 -11.8033
0.51745 -11.69854
0.54663 -11.57203
0.57581 -11.43628
0.605   -11.29577
0.63418 -11.15228
0.66336 -11.00788
0.69254 -10.87041
0.72173 -10.933
0.75091 -10.71957
0.78009 -10.88369
0.80928 -10.90765
0.83846 -10.69109
0.86764 -10.47296
0.89682 -10.38438
0.93122 -10.37775
0.96561 -10.19895
1       -10.11735
0       --
0       -10.38437
0.02948 -10.21965
0.05896 -9.72386
0.08844 -9.07952
0.11792 -8.81854
0.14739 -9.06447
0.17687 -9.3587
0.20635 -9.51097
0.23443 -9.63619
0.26252 -9.94728
0.2906  -9.61746
0.31868 -10.14838
0.34676 -10.7693
0.37484 -11.30182
0.40292 -11.70147
0.431   -11.83754
0.45908 -11.85045
0.48827 -11.8033
0.51745 -11.5038
0.54663 -10.85073
0.57581 -10.20153
0.605   -9.90536
0.63418 -10.21217
0.66336 -10.80686
0.69254 -10.8704
0.72173 -10.76231
0.75091 -10.71957
0.78009 -10.88369
0.80928 -10.90765
0.83846 -10.69109
0.86764 -10.47296
0.89682 -10.38437
0.93122 -10.33732
0.96561 -10.11874
1       -9.828
0       --
0       -7.57682
0.02948 -7.98028
0.05896 -8.33218
0.08844 -8.58447
0.11792 -8.58439
0.14739 -8.50626
0.17687 -8.31592
0.20635 -8.22238
0.23443 -8.30704
0.26252 -8.77661
0.2906  -9.2407
0.31868 -8.58029
0.34676 -7.89391
0.37484 -8.12782
0.40292 -8.57773
0.431   -8.95051
0.45908 -9.10455
0.48827 -8.93968
0.51745 -8.55086
0.54663 -8.09651
0.57581 -7.68423
0.605   -8.14439
0.63418 -9.03576
0.66336 -9.86997
0.69254 -10.64563
0.72173 -10.76231
0.75091 -10.18543
0.78009 -9.83071
0.80928 -9.17569
0.83846 -8.42927
0.86764 -7.77609
0.89682 -7.57682
0.93122 -7.99961
0.96561 -8.41817
1       -8.73622
0       --
0       -7.57682
0.02948 -7.73175
0.05896 -8.12701
0.08844 -8.43952
0.11792 -8.54011
0.14739 -8.2935
0.17687 -8.21978
0.20635 -8.22238
0.23443 -8.12249
0.26252 -7.86801
0.2906  -7.51037
0.31868 -7.15538
0.34676 -7.51618
0.37484 -7.05588
0.40292 -6.50638
0.431   -6.14035
0.45908 -6.01186
0.48827 -6.12691
0.51745 -6.44709
0.54663 -6.89698
0.57581 -7.31906
0.605   -7.41601
0.63418 -7.43323
0.66336 -7.83465
0.69254 -8.52752
0.72173 -9.34869
0.75091 -10.18543
0.78009 -9.8307
0.80928 -9.17569
0.83846 -8.42926
0.86764 -7.77608
0.89682 -7.57682
0.93122 -7.66622
0.96561 -8.32261
1       -8.59943
0       --
0       -7.44026
0.02948 -7.46607
0.05896 -7.55598
0.08844 -7.65269
0.11792 -7.83282
0.14739 -8.03148
0.17687 -8.12523
0.20635 -8.13126
0.23443 -8.12249
0.26252 -7.86801
0.2906  -7.51037
0.31868 -7.08088
0.34676 -6.64091
0.37484 -6.30445
0.40292 -6.12113
0.431   -6.03672
0.45908 -6.01186
0.48827 -6.04919
0.51745 -6.15541
0.54663 -6.31551
0.57581 -7.19767
0.605   -7.36084
0.63418 -6.94115
0.66336 -7.15423
0.69254 -7.35146
0.72173 -7.5044
0.75091 -7.56467
0.78009 -7.56484
0.80928 -7.56275
0.83846 -7.54919
0.86764 -7.4996
0.89682 -7.44026
0.93122 -7.55868
0.96561 -7.65485
1       -7.69162
0       --
0       -7.44025
0.02948 -7.23089
0.05896 -6.92173
0.08844 -6.84329
0.11792 -6.67303
0.14739 -6.12261
0.17687 -5.447
0.20635 -5.15379
0.23443 -5.73487
0.26252 -6.29019
0.2906  -6.73635
0.31868 -7.08088
0.34676 -6.64091
0.37484 -6.30445
0.40292 -6.12113
0.431   -6.03672
0.45908 -6.01184
0.48827 -6.04918
0.51745 -6.1554
0.54663 -6.3155
0.57581 -6.51072
0.605   -6.72363
0.63418 -6.94114
0.66336 -7.15422
0.69254 -7.35144
0.72173 -7.50439
0.75091 -7.56466
0.78009 -7.56483
0.80928 -7.56273
0.83846 -7.54918
0.86764 -7.49959
0.89682 -7.44025
0.93122 -7.46572
0.96561 -7.5253
1       -7.54981
0       --
0       -6.80998
0.02948 -6.70938
0.05896 -6.73387
0.08844 -6.58472
0.11792 -6.20857
0.14739 -5.8055
0.17687 -5.41176
0.20635 -5.09806
0.23443 -5.26587
0.26252 -5.47986
0.2906  -5.58982
0.31868 -5.58145
0.34676 -5.42675
0.37484 -5.05058
0.40292 -4.44476
0.431   -3.70889
0.45908 -3.02482
0.48827 -4.05723
0.51745 -5.14929
0.54663 -6.19811
0.57581 -6.51071
0.605   -6.72362
0.63418 -6.75911
0.66336 -5.79828
0.69254 -5.41122
0.72173 -5.69093
0.75091 -5.78792
0.78009 -5.91183
0.80928 -6.22225
0.83846 -6.58823
0.86764 -6.83766
0.89682 -6.80998
0.93122 -6.86042
0.96561 -6.94301
1       -6.97779
0       --
0       -6.80997
0.02948 -6.52203
0.05896 -5.9333
0.08844 -5.22021
0.11792 -4.8689
0.14739 -4.85024
0.17687 -4.9621
0.20635 -5.09806
0.23443 -5.26587
0.26252 -5.47986
0.2906  -5.58982
0.31868 -5.58145
0.34676 -5.42675
0.37484 -5.05058
0.40292 -4.44476
0.431   -3.70888
0.45908 -3.02482
0.48827 -3.01427
0.51745 -3.00966
0.54663 -3.2471
0.57581 -3.58371
0.605   -4.00994
0.63418 -4.49766
0.66336 -4.99005
0.69254 -5.41121
0.72173 -5.69092
0.75091 -5.78791
0.78009 -5.91183
0.80928 -6.22224
0.83846 -6.58822
0.86764 -6.83765
0.89682 -6.80997
0.93122 -6.52981
0.96561 -5.93527
1       -5.65799
0       --
0       -5.21782
0.02948 -5.34222
0.05896 -5.19772
0.08844 -4.97391
0.11792 -4.62973
0.14739 -4.77542
0.17687 -4.83109
0.20635 -4.72006
0.23443 -3.94196
0.26252 -3.26777
0.2906  -2.50897
0.31868 -2.4286
0.34676 -2.55383
0.37484 -2.6627
0.40292 -2.74612
0.431   -2.79828
0.45908 -2.816
0.48827 -2.8638
0.51745 -3.00727
0.54663 -3.2471
0.57581 -3.58371
0.605   -4.00994
0.63418 -4.49765
0.66336 -4.99005
0.69254 -4.73911
0.72173 -3.79017
0.75091 -3.37078
0.78009 -3.41154
0.80928 -3.61846
0.83846 -4.13118
0.86764 -4.82073
0.89682 -5.21782
0.93122 -4.9929
0.96561 -4.54265
1       -4.47112
0       --
0       -5.21782
0.02948 -4.95677
0.05896 -4.71701
0.08844 -4.59184
0.11792 -4.42961
0.14739 -3.82974
0.17687 -4.03691
0.20635 -4.24239
0.23443 -3.91982
0.26252 -3.26777
0.2906  -2.50897
0.31868 -1.7743
0.34676 -1.26842
0.37484 -1.20593
0.40292 -1.5579
0.431   -2.16822
0.45908 -2.816
0.48827 -2.8638
0.51745 -3.00727
0.54663 -3.09263
0.57581 -3.35716
0.605   -3.76674
0.63418 -4.09452
0.66336 -4.13141
0.69254 -3.90404
0.72173 -3.56812
0.75091 -3.37077
0.78009 -3.41153
0.80928 -3.61846
0.83846 -4.13118
0.86764 -4.82073
0.89682 -5.21782
0.93122 -4.85434
0.96561 -4.52553
1       -4.32784
0       --
0       -2.65164
0.02948 -3.06181
0.05896 -3.38897
0.08844 -3.54705
0.11792 -3.56858
0.14739 -3.65016
0.17687 -3.93356
0.20635 -4.24239
0.23443 -3.91982
0.26252 -2.85071
0.2906  -2.3002
0.31868 -1.7743
0.34676 -1.26842
0.37484 -1.20593
0.40292 -1.5579
0.431   -2.16822
0.45908 -2.816
0.48827 -1.75707
0.51745 -0.59238
0.54663 0.55152
0.57581 0.79574
0.605   0.51567
0.63418 -0.01548
0.66336 -0.40303
0.69254 -1.01462
0.72173 -1.45377
0.75091 -1.32747
0.78009 -1.66586
0.80928 -2.15692
0.83846 -2.48186
0.86764 -2.61664
0.89682 -2.65164
0.93122 -2.83333
0.96561 -2.5689
1       -2.2678
0       --
0       -2.65162
0.02948 -2.28578
0.05896 -2.15512
0.08844 -2.39231
0.11792 -2.83673
0.14739 -3.08993
0.17687 -2.49882
0.20635 -2.07692
0.23443 -2.10592
0.26252 -2.18602
0.2906  -1.67398
0.31868 -0.47303
0.34676 0.68152
0.37484 1.52877
0.40292 2.2148
0.431   2.76955
0.45908 2.98264
0.48827 2.64085
0.51745 1.91471
0.54663 1.21891
0.57581 1.1748
0.605   0.51567
0.63418 -0.01548
0.66336 -0.40303
0.69254 -0.65962
0.72173 -0.80429
0.75091 -1.32747
0.78009 -1.66584
0.80928 -2.15691
0.83846 -2.48185
0.86764 -2.61662
0.89682 -2.65162
0.93122 -2.40038
0.96561 -2.29145
1       -2.22359
0       --
0       0.74225
0.02948 0.38887
0.05896 0.20435
0.08844 0.39426
0.11792 0.76594
0.14739 0.58233
0.17687 0.45596
0.20635 0.41153
0.23443 0.42567
0.26252 0.4676
0.2906  0.54039
0.31868 0.67288
0.34676 0.96839
0.37484 1.52877
0.40292 2.2148
0.431   2.76955
0.45908 2.98264
0.48827 2.87805
0.51745 2.51271
0.54663 1.89046
0.57581 1.17481
0.605   0.67829
0.63418 0.33868
0.66336 -0.37465
0.69254 -0.65962
0.72173 -0.80429
0.75091 -0.8509
0.78009 -0.56309
0.80928 -0.12979
0.83846 0.29604
0.86764 0.61967
0.89682 0.74225
0.93122 0.30328
0.96561 -0.35462
1       -0.79514
0       --
0       0.74226
0.02948 1.00648
0.05896 1.06673
0.08844 0.95506
0.11792 0.84696
0.14739 1.33231
0.17687 0.8972
0.20635 0.41153
0.23443 0.42567
0.26252 0.4676
0.2906  0.54039
0.31868 0.67288
0.34676 0.96839
0.37484 1.68776
0.40292 2.42789
0.431   2.85077
0.45908 2.98265
0.48827 2.87806
0.51745 2.51272
0.54663 1.89046
0.57581 1.62064
0.605   1.06887
0.63418 0.68846
0.66336 0.56519
0.69254 0.11811
0.72173 -0.61458
0.75091 -0.8509
0.78009 -0.56307
0.80928 -0.12977
0.83846 0.29605
0.86764 0.61969
0.89682 0.74226
0.93122 0.89263
0.96561 0.75258
1       0.63091
0       --
0       3.46652
0.02948 3.37516
0.05896 3.25589
0.08844 3.07532
0.11792 2.66916
0.14739 1.88005
0.17687 1.753
0.20635 1.88089
0.23443 1.9155
0.26252 2.01644
0.2906  2.17473
0.31868 2.37392
0.34676 2.58816
0.37484 2.78174
0.40292 2.91655
0.431   2.97747
0.45908 2.9939
0.48827 2.935
0.51745 2.7317
0.54663 2.33757
0.57581 1.75991
0.605   2.53288
0.63418 3.20365
0.66336 3.26541
0.69254 3.29507
0.72173 3.36972
0.75091 3.48744
0.78009 3.54182
0.80928 3.62216
0.83846 3.55962
0.86764 3.49231
0.89682 3.46652
0.93122 3.3631
0.96561 3.1365
1       3.00653
0       --
0       3.46653
0.02948 3.49389
0.05896 3.42924
0.08844 3.30204
0.11792 3.16857
0.14739 3.07246
0.17687 3.00579
0.20635 2.97803
0.23443 3.06005
0.26252 3.29866
0.2906  3.67496
0.31868 4.13698
0.34676 4.33291
0.37484 4.31557
0.40292 4.08887
0.431   3.96737
0.45908 3.92806
0.48827 3.8848
0.51745 3.76403
0.54663 3.60384
0.57581 3.45596
0.605   3.34655
0.63418 3.28249
0.66336 3.6218
0.69254 3.86534
0.72173 3.65218
0.75091 3.48744
0.78009 3.54182
0.80928 3.62217
0.83846 3.55963
0.86764 3.49232
0.89682 3.46653
0.93122 3.53092
0.96561 3.59212
1       3.61778
0       --
0       5.01715
0.02948 4.81797
0.05896 4.38677
0.08844 4.0085
0.11792 3.74835
0.14739 3.6425
0.17687 3.69954
0.20635 3.76599
0.23443 3.78868
0.26252 3.85735
0.2906  3.97339
0.31868 4.13698
0.34676 4.33291
0.37484 4.38653
0.40292 4.146
0.431   3.9795
0.45908 3.92806
0.48827 4.02426
0.51745 4.29433
0.54663 4.6681
0.57581 5.02653
0.605   5.14462
0.63418 4.69372
0.66336 4.24135
0.69254 3.88879
0.72173 4.02471
0.75091 4.1598
0.78009 3.98184
0.80928 3.90703
0.83846 4.18351
0.86764 4.63438
0.89682 5.01715
0.93122 4.53237
0.96561 4.19775
1       4.09987
0       --
0       5.01715
0.02948 4.99043
0.05896 4.7102
0.08844 4.43536
0.11792 4.0761
0.14739 3.82216
0.17687 3.76302
0.20635 3.76599
0.23443 3.78868
0.26252 3.85736
0.2906  3.97339
0.31868 4.16523
0.34676 4.65121
0.37484 4.38653
0.40292 4.146
0.431   3.9795
0.45908 3.92806
0.48827 4.02426
0.51745 4.29434
0.54663 4.6681
0.57581 5.02653
0.605   5.22609
0.63418 4.93277
0.66336 4.68304
0.69254 4.47509
0.72173 4.30392
0.75091 4.15982
0.78009 3.98185
0.80928 3.90703
0.83846 4.18351
0.86764 4.63439
0.89682 5.01715
0.93122 4.98185
0.96561 4.89342
1       4.85785
0       --
0       5.52808
0.02948 5.29336
0.05896 5.63467
0.08844 5.68025
0.11792 5.32657
0.14739 5.36522
0.17687 5.67232
0.20635 6.05803
0.23443 5.96899
0.26252 5.76309
0.2906  5.46484
0.31868 5.06092
0.34676 4.74465
0.37484 4.94624
0.40292 5.23294
0.431   5.73473
0.45908 6.1301
0.48827 5.71908
0.51745 5.30737
0.54663 5.27245
0.57581 5.52053
0.605   5.35769
0.63418 5.33694
0.66336 5.01926
0.69254 4.76524
0.72173 4.60575
0.75091 4.5516
0.78009 4.83038
0.80928 5.18455
0.83846 5.39988
0.86764 5.49923
0.89682 5.52808
0.93122 5.32649
0.96561 5.55393
1       5.82457
0       --
0       5.52808
0.02948 5.37
0.05896 5.66035
0.08844 6.13669
0.11792 6.39924
0.14739 6.40178
0.17687 6.3546
0.20635 6.3145
0.23443 6.26495
0.26252 6.06804
0.2906  5.79428
0.31868 5.61921
0.34676 5.24293
0.37484 4.94624
0.40292 5.23294
0.431   5.73473
0.45908 6.1301
0.48827 5.71908
0.51745 5.30737
0.54663 5.27245
0.57581 5.54164
0.605   5.35769
0.63418 5.33694
0.66336 5.01926
0.69254 4.76524
0.72173 4.60575
0.75091 4.5516
0.78009 4.83039
0.80928 5.18455
0.83846 5.39988
0.86764 5.49923
0.89682 5.52808
0.93122 5.72062
0.96561 5.92295
1       5.99626
0       --
0       5.55582
0.02948 6.02132
0.05896 6.24079
0.08844 6.1974
0.11792 6.60032
0.14739 6.85642
0.17687 6.51536
0.20635 6.35733
0.23443 6.37074
0.26252 6.38591
0.2906  6.28217
0.31868 5.84574
0.34676 5.24294
0.37484 5.38481
0.40292 5.94159
0.431   6.09784
0.45908 6.13011
0.48827 6.09564
0.51745 5.99026
0.54663 5.80213
0.57581 5.54165
0.605   5.62833
0.63418 5.70788
0.66336 6.02661
0.69254 6.29439
0.72173 6.4734
0.75091 6.53648
0.78009 6.62322
0.80928 6.79628
0.83846 6.55771
0.86764 5.9949
0.89682 5.55582
0.93122 5.86336
0.96561 6.3141
1       6.51371
0       --
0       5.55583
0.02948 6.03882
0.05896 6.5408
0.08844 6.89368
0.11792 7.02423
0.14739 6.91666
0.17687 6.77989
0.20635 6.35733
0.23443 6.37074
0.26252 6.38591
0.2906  6.28217
0.31868 5.84574
0.34676 5.58579
0.37484 5.70956
0.40292 6.04145
0.431   6.61517
0.45908 6.87314
0.48827 6.69403
0.51745 6.32838
0.54663 5.93456
0.57581 5.56188
0.605   5.62833
0.63418 5.70788
0.66336 6.02662
0.69254 6.29439
0.72173 6.47341
0.75091 6.53649
0.78009 6.62323
0.80928 6.79629
0.83846 6.55772
0.86764 5.99491
0.89682 5.55583
0.93122 6.12411
0.96561 6.62845
1       6.81982
0       --
0       7.98622
0.02948 7.78591
0.05896 7.60881
0.08844 7.65767
0.11792 8.09506
0.14739 8.36046
0.17687 8.16989
0.20635 8.21835
0.23443 8.17608
0.26252 8.12649
0.2906  7.77396
0.31868 7.51285
0.34676 7.55951
0.37484 7.61129
0.40292 7.45458
0.431   7.19852
0.45908 6.87314
0.48827 7.08459
0.51745 6.96824
0.54663 6.87144
0.57581 6.87272
0.605   6.71943
0.63418 6.46301
0.66336 6.39734
0.69254 6.58998
0.72173 7.01434
0.75091 7.54658
0.78009 7.4903
0.80928 7.38144
0.83846 7.58602
0.86764 7.87788
0.89682 7.98622
0.93122 7.73577
0.96561 7.49774
1       7.43228
0       --
0       7.98622
0.02948 8.01703
0.05896 7.87158
0.08844 8.13081
0.11792 8.52906
0.14739 8.78421
0.17687 9.08097
0.20635 9.07392
0.23443 8.89179
0.26252 8.37386
0.2906  7.77396
0.31868 7.51285
0.34676 7.55951
0.37484 7.61129
0.40292 7.45458
0.431   7.19852
0.45908 6.87314
0.48827 7.19554
0.51745 7.36652
0.54663 7.20018
0.57581 6.87272
0.605   7.0026
0.63418 7.58998
0.66336 8.17189
0.69254 8.22702
0.72173 8.0065
0.75091 7.54658
0.78009 7.4903
0.80928 7.38144
0.83846 7.58602
0.86764 7.87789
0.89682 7.98622
0.93122 8.02769
0.96561 7.8538
1       7.67538
0       --
0       10.65968
0.02948 10.02603
0.05896 9.68064
0.08844 9.55483
0.11792 9.34056
0.14739 9.29153
0.17687 9.17486
0.20635 9.07392
0.23443 8.8918
0.26252 8.37386
0.2906  8.14289
0.31868 8.20648
0.34676 8.29226
0.37484 7.9771
0.40292 7.64612
0.431   7.27002
0.45908 7.13693
0.48827 7.19554
0.51745 7.40498
0.54663 7.20018
0.57581 6.88254
0.605   7.0026
0.63418 7.71029
0.66336 8.35496
0.69254 9.27311
0.72173 10.19307
0.75091 10.97316
0.78009 10.6568
0.80928 10.2938
0.83846 10.19797
0.86764 10.37268
0.89682 10.65968
0.93122 9.94323
0.96561 9.23337
1       8.89455
0       --
0       10.65969
0.02948 10.62057
0.05896 10.44678
0.08844 10.11631
0.11792 9.78684
0.14739 9.61644
0.17687 10.00855
0.20635 10.4182
0.23443 10.22219
0.26252 9.77727
0.2906  9.31987
0.31868 8.88658
0.34676 8.47094
0.37484 8.07473
0.40292 7.68445
0.431   7.27002
0.45908 7.13693
0.48827 7.37477
0.51745 7.40498
0.54663 7.27713
0.57581 7.06072
0.605   7.09572
0.63418 7.7103
0.66336 8.63646
0.69254 9.64092
0.72173 10.64157
0.75091 10.97316
0.78009 10.6568
0.80928 10.2938
0.83846 10.19797
0.86764 10.37269
0.89682 10.65969
0.93122 10.64256
0.96561 10.77752
1       10.88326
0       --
0       10.6942
0.02948 10.63341
0.05896 10.5256
0.08844 10.34447
0.11792 10.09942
0.14739 10.09576
0.17687 10.32245
0.20635 10.4182
0.23443 10.22219
0.26252 9.77727
0.2906  9.31987
0.31868 8.88658
0.34676 8.47094
0.37484 8.07473
0.40292 7.68445
0.431   7.63607
0.45908 7.699
0.48827 7.5962
0.51745 7.57768
0.54663 7.39292
0.57581 7.39343
0.605   7.64535
0.63418 7.93848
0.66336 8.63646
0.69254 9.64092
0.72173 10.64158
0.75091 11.32297
0.78009 11.48175
0.80928 11.51794
0.83846 11.34325
0.86764 11.02229
0.89682 10.6942
0.93122 10.90871
0.96561 10.94565
1       11.1239
0       --
0       10.6942
0.02948 11.20316
0.05896 11.21306
0.08844 11.01069
0.11792 10.91603
0.14739 11.00882
0.17687 11.25413
0.20635 11.47621
0.23443 10.98495
0.26252 10.45176
0.2906  9.95597
0.31868 9.3214
0.34676 8.5817
0.37484 8.42987
0.40292 8.47193
0.431   8.35885
0.45908 8.2696
0.48827 8.31037
0.51745 8.62278
0.54663 8.80583
0.57581 9.05289
0.605   9.45939
0.63418 9.97488
0.66336 10.58583
0.69254 11.28123
0.72173 11.49416
0.75091 11.32297
0.78009 11.48175
0.80928 11.51794
0.83846 11.34325
0.86764 11.02229
0.89682 10.6942
0.93122 10.97983
0.96561 11.02637
1       11.17508
0       --
0       11.88995
0.02948 11.52152
0.05896 11.39103
0.08844 11.20252
0.11792 11.08357
0.14739 11.09572
0.17687 11.26154
0.20635 11.47622
0.23443 10.98495
0.26252 10.45176
0.2906  9.95597
0.31868 9.44556
0.34676 8.95506
0.37484 8.59713
0.40292 8.47193
0.431   8.35885
0.45908 8.2696
0.48827 8.48682
0.51745 8.89134
0.54663 8.80583
0.57581 9.05289
0.605   9.45939
0.63418 9.97488
0.66336 10.58583
0.69254 11.28123
0.72173 11.62089
0.75091 11.64181
0.78009 11.5948
0.80928 11.63412
0.83846 11.78544
0.86764 11.87661
0.89682 11.88995
0.93122 11.64488
0.96561 11.51805
1       11.27657
0       --
0       11.88995
0.02948 11.91988
0.05896 11.63819
0.08844 11.25568
0.11792 11.14215
0.14739 11.33263
0.17687 11.70752
0.20635 11.88001
0.23443 11.52831
0.26252 10.88814
0.2906  10.11948
0.31868 9.44556
0.34676 8.95506
0.37484 8.59713
0.40292 8.67067
0.431   9.15694
0.45908 9.58859
0.48827 9.41125
0.51745 8.89134
0.54663 9.17798
0.57581 9.88185
0.605   10.64806
0.63418 11.21016
0.66336 11.56769
0.69254 11.68802
0.72173 11.77184
0.75091 11.64182
0.78009 11.5948
0.80928 11.63412
0.83846 11.78544
0.86764 11.87661
0.89682 11.88995
0.93122 12.03877
0.96561 11.61396
1       11.35997
0       --
0       12.27935
0.02948 12.11983
0.05896 11.70949
0.08844 11.63462
0.11792 11.69098
0.14739 11.8409
0.17687 12.00719
0.20635 12.05629
0.23443 11.9904
0.26252 11.63031
0.2906  11.14279
0.31868 10.64489
0.34676 10.20641
0.37484 9.86895
0.40292 9.69289
0.431   9.77824
0.45908 9.82979
0.48827 9.41125
0.51745 8.96403
0.54663 9.53385
0.57581 10.12973
0.605   10.70633
0.63418 11.3492
0.66336 11.74901
0.69254 11.72974
0.72173 12.0158
0.75091 12.18933
0.78009 12.31748
0.80928 12.16977
0.83846 12.03396
0.86764 12.1882
0.89682 12.27935
0.93122 12.13124
0.96561 11.8472
1       11.48143
0       --
0       12.27935
0.02948 12.59098
0.05896 12.6097
0.08844 12.64761
0.11792 12.4453
0.14739 12.24749
0.17687 12.11955
0.20635 12.05629
0.23443 11.9904
0.26252 11.63031
0.2906  11.14279
0.31868 10.64489
0.34676 10.20641
0.37484 9.86895
0.40292 9.69289
0.431   9.77824
0.45908 9.82979
0.48827 9.46236
0.51745 9.77951
0.54663 10.59197
0.57581 11.33586
0.605   11.85427
0.63418 12.13322
0.66336 12.11669
0.69254 11.94921
0.72173 12.0158
0.75091 12.18933
0.78009 12.31748
0.80928 12.16977
0.83846 12.03396
0.86764 12.1882
0.89682 12.27935
0.93122 12.42648
0.96561 12.21082
1       12.14256
0       --
0       12.8215
0.02948 12.61764
0.05896 12.78309
0.08844 12.69349
0.11792 12.71648
0.14739 12.59892
0.17687 12.30822
0.20635 12.1909
0.23443 12.51073
0.26252 12.81313
0.2906  12.81462
0.31868 12.45812
0.34676 11.84489
0.37484 11.12737
0.40292 10.45181
0.431   9.96107
0.45908 9.82979
0.48827 9.96311
0.51745 10.32818
0.54663 10.86136
0.57581 11.51554
0.605   12.26414
0.63418 13.09346
0.66336 13.70905
0.69254 13.69864
0.72173 12.82833
0.75091 12.47525
0.78009 12.40992
0.80928 12.4844
0.83846 12.48092
0.86764 12.51045
0.89682 12.8215
0.93122 12.52329
0.96561 12.76343
1       13.08759
0       --
0       12.82151
0.02948 12.90686
0.05896 12.92362
0.08844 12.95301
0.11792 12.92791
0.14739 12.81296
0.17687 12.5209
0.20635 12.19091
0.23443 12.67997
0.26252 13.27859
0.2906  13.50389
0.31868 13.1905
0.34676 12.43584
0.37484 11.48458
0.40292 10.59145
0.431   10.01085
0.45908 9.97278
0.48827 10.12888
0.51745 10.93098
0.54663 11.74045
0.57581 12.84178
0.605   13.86896
0.63418 13.66342
0.66336 13.96543
0.69254 13.69864
0.72173 12.82833
0.75091 12.47525
0.78009 12.40992
0.80928 12.4844
0.83846 12.48092
0.86764 12.51046
0.89682 12.82151
0.93122 12.59358
0.96561 13.13659
1       13.29283
0       --
0       13.03602
0.02948 12.97349
0.05896 13.22319
0.08844 13.53937
0.11792 13.52382
0.14739 13.16487
0.17687 12.60296
0.20635 12.23748
0.23443 12.67997
0.26252 13.27859
0.2906  13.50389
0.31868 13.1905
0.34676 12.43584
0.37484 11.48458
0.40292 10.59145
0.431   10.01085
0.45908 9.97278
0.48827 10.12888
0.51745 10.93098
0.54663 12.00443
0.57581 13.13169
0.605   13.92809
0.63418 13.95141
0.66336 13.99705
0.69254 14.02678
0.72173 14.25449
0.75091 13.80018
0.78009 13.83832
0.80928 13.94279
0.83846 13.83133
0.86764 13.46549
0.89682 13.03602
0.93122 13.12562
0.96561 13.25885
1       13.64159
0       --
0       13.03602
0.02948 13.37863
0.05896 13.60831
0.08844 13.74601
0.11792 14.01602
0.14739 14.30334
0.17687 14.33986
0.20635 14.37154
0.23443 14.44055
0.26252 14.4743
0.2906  14.06801
0.31868 13.48963
0.34676 12.8183
0.37484 11.82128
0.40292 10.88658
0.431   10.14423
0.45908 9.97278
0.48827 10.33239
0.51745 10.94213
0.54663 12.00444
0.57581 13.13169
0.605   14.1223
0.63418 14.684
0.66336 14.43886
0.69254 14.31775
0.72173 14.25449
0.75091 13.80019
0.78009 13.83833
0.80928 13.9428
0.83846 13.83134
0.86764 13.4655
0.89682 13.03602
0.93122 13.64345
0.96561 13.76137
1       13.74924
0       --
0       14.75501
0.02948 14.4084
0.05896 14.55475
0.08844 14.69199
0.11792 14.67959
0.14739 14.52146
0.17687 14.54962
0.20635 14.5637
0.23443 14.58796
0.26252 14.4743
0.2906  14.06801
0.31868 13.48963
0.34676 12.8183
0.37484 12.12262
0.40292 11.45309
0.431   10.85365
0.45908 10.50546
0.48827 10.88132
0.51745 11.71922
0.54663 12.6712
0.57581 13.49021
0.605   14.12231
0.63418 14.68401
0.66336 14.43886
0.69254 14.88841
0.72173 14.4292
0.75091 14.76304
0.78009 14.79839
0.80928 14.84064
0.83846 14.93522
0.86764 14.85731
0.89682 14.75501
0.93122 14.52838
0.96561 14.8959
1       14.23841
0       --
0       14.75501
0.02948 15.21358
0.05896 15.24292
0.08844 15.05014
0.11792 14.84168
0.14739 14.67135
0.17687 14.56459
0.20635 14.56371
0.23443 14.58796
0.26252 14.71385
0.2906  14.92041
0.31868 13.89442
0.34676 12.84291
0.37484 12.12262
0.40292 11.45309
0.431   10.85365
0.45908 10.50546
0.48827 11.1783
0.51745 12.11204
0.54663 13.06775
0.57581 13.97088
0.605   14.49824
0.63418 15.13149
0.66336 15.20614
0.69254 14.88842
0.72173 14.73532
0.75091 14.76305
0.78009 14.7984
0.80928 14.84065
0.83846 14.93522
0.86764 14.85732
0.89682 14.75501
0.93122 15.37049
0.96561 15.06547
1       15.71057
0       --
0       16.03831
0.02948 15.90753
0.05896 15.8927
0.08844 15.73146
0.11792 15.42908
0.14739 15.19966
0.17687 15.02343
0.20635 14.93367
0.23443 14.99086
0.26252 15.28236
0.2906  15.16273
0.31868 15.08761
0.34676 14.63776
0.37484 13.82211
0.40292 12.67428
0.431   11.42245
0.45908 10.50546
0.48827 11.1783
0.51745 12.11204
0.54663 13.06775
0.57581 13.97089
0.605   14.71006
0.63418 15.1315
0.66336 15.20615
0.69254 14.97167
0.72173 16.01074
0.75091 16.10645
0.78009 15.82715
0.80928 15.62072
0.83846 15.67153
0.86764 15.90031
0.89682 16.03831
0.93122 15.62824
0.96561 16.06883
1       15.9011
0       --
0       16.03832
0.02948 16.17153
0.05896 16.23226
0.08844 16.27544
0.11792 15.92125
0.14739 15.52348
0.17687 15.14809
0.20635 14.93367
0.23443 14.99086
0.26252 15.28236
0.2906  15.84813
0.31868 16.45651
0.34676 17.21762
0.37484 17.16688
0.40292 17.20417
0.431   17.35153
0.45908 17.42761
0.48827 17.32154
0.51745 16.85407
0.54663 15.9657
0.57581 15.00275
0.605   14.71007
0.63418 15.55277
0.66336 16.52289
0.69254 16.33462
0.72173 16.16657
0.75091 16.10646
0.78009 15.82715
0.80928 15.62073
0.83846 15.67154
0.86764 15.90032
0.89682 16.03832
0.93122 16.26028
0.96561 16.33992
1       16.36438
0       --
0       17.03951
0.02948 16.67219
0.05896 16.392
0.08844 16.4001
0.11792 16.92648
0.14739 16.87803
0.17687 16.35501
0.20635 16.19552
0.23443 16.13728
0.26252 15.83859
0.2906  15.84814
0.31868 16.54951
0.34676 17.33608
0.37484 18.16933
0.40292 18.88764
0.431   19.30381
0.45908 19.46687
0.48827 19.36631
0.51745 19.07232
0.54663 18.59716
0.57581 17.97428
0.605   17.29633
0.63418 16.7662
0.66336 16.53267
0.69254 16.33463
0.72173 16.16658
0.75091 16.54659
0.78009 16.68532
0.80928 16.82408
0.83846 16.94011
0.86764 17.01494
0.89682 17.03951
0.93122 16.72989
0.96561 16.64501
1       16.8224
0       --
0       17.03951
0.02948 17.31304
0.05896 17.61557
0.08844 17.7794
0.11792 17.33259
0.14739 17.07049
0.17687 16.85129
0.20635 16.7711
0.23443 16.51421
0.26252 15.98337
0.2906  15.87608
0.31868 16.54952
0.34676 17.33608
0.37484 18.16933
0.40292 18.96571
0.431   19.4048
0.45908 19.4669
0.48827 19.36633
0.51745 19.07233
0.54663 18.59716
0.57581 17.97429
0.605   17.29634
0.63418 16.7662
0.66336 16.53268
0.69254 16.94905
0.72173 16.53049
0.75091 16.54659
0.78009 16.68532
0.80928 16.82408
0.83846 16.94011
0.86764 17.01495
0.89682 17.03951
0.93122 17.23243
0.96561 17.30486
1       17.47566
0       --
0       18.29253
0.02948 18.03731
0.05896 17.91365
0.08844 17.99879
0.11792 17.64254
0.14739 17.39729
0.17687 17.77455
0.20635 17.8533
0.23443 18.02071
0.26252 18.21391
0.2906  18.21677
0.31868 18.00862
0.34676 17.67389
0.37484 18.26267
0.40292 18.96571
0.431   19.4048
0.45908 19.4669
0.48827 19.37298
0.51745 19.11481
0.54663 18.77204
0.57581 18.51156
0.605   18.58422
0.63418 18.3575
0.66336 17.61639
0.69254 16.96573
0.72173 16.84373
0.75091 17.08667
0.78009 17.35882
0.80928 17.77886
0.83846 17.99432
0.86764 18.16177
0.89682 18.29253
0.93122 17.95469
0.96561 17.56634
1       17.53659
0       --
